[Pix14 - Copy.jpg]
filters=crop64=1,4e9d1a77c84add53;
crop=rect64(4e9d1a77c84add53)
moddate=00c30f8980f0d601
width=3543
height=2215
textactive=0
[MrinalSen.jpg]
filters=MuseumMatte=1,0.000000,39.181286,001a0e03,00f0eae4;
moddate=99002ae9ee83d901
width=1650
height=2402
textactive=0
[FassbinderInvitationCard.jpg]
filters=Border=1,0.000000,12.865498,0.000000,00000000,00ffffff,0.000000;finetune2=1,0.052632,0.000000,0.291930,00000000,0.000000;
moddate=3afdbc47159ed901
width=1650
height=2472
textactive=0
